9.833617087407953150e-01
1.000012350097421399e+00
1.000024095886419273e+00
1.001252619879174466e+00
1.001307717123440577e+00
9.981912806091188806e-01
9.967377023335750597e-01
9.892061062407392358e-01
9.934239263525768138e-01
1.006901994348960550e+00
1.003535591589369336e+00
9.997837369039852540e-01
9.998498826151486218e-01
1.000054801417145312e+00
1.004014376345337523e+00
1.004522092224131802e+00
1.003152036114756118e+00
9.928722992155412097e-01
9.968249289991532036e-01
9.966893819959093959e-01
1.003111182414062830e+00
9.995685911831105885e-01
9.999140286895012997e-01
9.999347907465310215e-01
1.005094018729016714e+00
1.008070468768051509e+00
1.007966774848507718e+00
9.982272308487603052e-01
9.996702410147306761e-01
9.990793350822568808e-01
9.976011444864261168e-01
9.998244068508178595e-01
1.001278468168806501e+00
1.002976276776555542e+00
1.008005665605297141e+00
1.012954342565688837e+00
1.009639211090350264e+00
1.005328236938083819e+00
1.000844952090515161e+00
9.993675049804576771e-01
1.005723769007637491e+00
9.994766303216262582e-01
1.000988659821851368e+00
1.004332234419616388e+00
1.009100965909808689e+00
1.012578673597773760e+00
1.008676915612858327e+00
1.006962833271197066e+00
1.005076012563714150e+00
1.007713618099816966e+00
1.004481351561308022e+00
9.996356279485144603e-01
9.995472345039290163e-01
1.004667493198009298e+00
1.017666570982759700e+00
1.019566449018693755e+00
1.011192924575621932e+00
1.013229891437865682e+00
1.009660510513818332e+00
1.004452578895417281e+00
1.004159572814801171e+00
9.993422754094989369e-01
9.996900987786409010e-01
1.004790874023866687e+00
1.019020177660850734e+00
1.018565205676795316e+00
1.011446134577965950e+00
1.013436702279397306e+00
1.010021107085752545e+00
1.004450161230788119e+00
1.004159572814801171e+00
9.994481855565743311e-01
1.000050526883793145e+00
1.004050706121686787e+00
1.010146529104564816e+00
1.013366696261274180e+00
1.008705272827386423e+00
1.006850346313183264e+00
1.005591350879783130e+00
1.007713618099816966e+00
1.004481351561308022e+00
1.000306421075521035e+00
1.001682148888145996e+00
1.003361612013940585e+00
1.010163293762490921e+00
1.013048539450401631e+00
1.010084814046746882e+00
1.006876913284056263e+00
1.000785901130567979e+00
9.992714807227823792e-01
1.006020287797382951e+00
1.000561609045225842e+00
1.000247975741715090e+00
1.000130080597952720e+00
1.006274880882307654e+00
1.009470238427639943e+00
1.006544441506367127e+00
1.000820065552095350e+00
1.000176423306611273e+00
9.999869942407237922e-01
9.986970209913711427e-01
1.000176046744912339e+00
9.982327635929594267e-01
9.976746763378364635e-01
1.001069476442735473e+00
1.003809245158651331e+00
1.001432693185100531e+00
9.951982126823091246e-01
9.966510218100244067e-01
9.967890072051720507e-01
1.003360841057898467e+00
9.995496119784528233e-01
9.983233949885683689e-01
9.988815143691934795e-01
9.976992504850997756e-01
9.973703843445124173e-01
9.982363086751602221e-01
9.873187352835579578e-01
9.941286887934482897e-01
1.004564667939732647e+00
1.003465027111195784e+00
9.985255385540502404e-01
9.991534667358210609e-01
9.991350347000229615e-01
9.976982072851532379e-01
1.001613199308128976e+00
1.012557930600968215e+00
1.008358305513121778e+00
1.006250950599007821e+00
1.006269619296581430e+00
1.003456677899704497e+00
9.979915905021400357e-01
9.998502976983130175e-01
9.995510178462144735e-01
9.993014811500483541e-01
1.013295227801974896e+00
1.028981564134903159e+00
1.014698657891824451e+00
1.006438931680355919e+00
9.985157547066423334e-01
1.005057657662979276e+00
9.971547716859264776e-01
1.001064936962808627e+00
9.997238734833427953e-01
1.001207680684053303e+00
1.018888600486805851e+00
1.027646767795204363e+00
1.007751387639476137e+00
1.003917864197019005e+00
1.001994708414360780e+00
9.977321686701577930e-01
9.949706207884010389e-01
9.980787204005273638e-01
1.004787774487244434e+00
1.005453432539812786e+00
1.010214110460997405e+00
1.013368284230481864e+00
1.008713888851498375e+00
1.001935892688975205e+00
9.987082989659983312e-01
1.005744790939665290e+00
9.968614752386243394e-01
9.933510542737926663e-01
9.993613849756823875e-01
1.007363330981794869e+00
1.005230378261318336e+00
1.010870583837170100e+00
1.006923213717179300e+00
1.004668071299764431e+00
1.007708651169092917e+00
1.004459339751425651e+00
1.002798547704601306e+00
1.000211907890037999e+00
9.930334622456359339e-01
9.956835639916314928e-01
1.002779021900505274e+00
1.007736548802279142e+00
1.010686386396015379e+00
1.008656817784572723e+00
1.004421972973169375e+00
1.004159572814801171e+00
1.001458897505541845e+00
9.988334662674751563e-01
9.928545176646491610e-01
9.943042420192893527e-01
1.001028428982637886e+00
1.007486661337514633e+00
1.010854087070900853e+00
1.009023961717367968e+00
1.004421972973169375e+00
1.004159572814801171e+00
9.963107144823611927e-01
9.908420123996967144e-01
9.968746485866794016e-01
1.006205859360067789e+00
1.004425242730718093e+00
1.008948393959297363e+00
1.007715589001939804e+00
1.005251004864716080e+00
1.007708651169092917e+00
1.004459339751425651e+00
9.945702112699233988e-01
9.954859162704186026e-01
1.003229108813310066e+00
1.005411206270795832e+00
1.010108751731020549e+00
1.012131886309293849e+00
1.009910033630528226e+00
1.002152726310630459e+00
9.995754282636100108e-01
1.006041685953442011e+00
9.956123092172260991e-01
9.989017008051246371e-01
9.996761038540653566e-01
1.000003278779759031e+00
1.016316788314641339e+00
1.027491663612948969e+00
1.007565808904961058e+00
1.003134863201636362e+00
1.002019621604979704e+00
9.980068201188240229e-01
9.970957965201998618e-01
9.993556537442908061e-01
9.989318425857233175e-01
9.984038315375340922e-01
1.011579797172325268e+00
1.029811557265816191e+00
1.012706586226038930e+00
1.005836726564298678e+00
9.989499815661310178e-01
1.005189463159033458e+00
9.991198676517902832e-01
9.997842411245275729e-01
9.997803982479664953e-01
9.992131445561809322e-01
1.003702097883694577e+00
1.014233678828147633e+00
1.006254340651476786e+00
1.005151949077520257e+00
1.008903421753152951e+00
1.003535443638860380e+00
1.026231306679020294e+00
1.042919493696014221e+00
1.050201396934810960e+00
1.043525816050899113e+00
1.029729377712599536e+00
1.007242771969379724e+00
9.964148494771312148e-01
1.004166559305241568e+00
1.022268477553526678e+00
1.034391402899428769e+00
1.040098842837143378e+00
1.029818799107383720e+00
1.012632977540399937e+00
1.003492759092119213e+00
9.998782841355935425e-01
9.966425129164158125e-01
1.022296312243517580e+00
1.024083589382778214e+00
1.023543517474653664e+00
1.009761118911512767e+00
1.001181922467964780e+00
1.001904576149324821e+00
1.001015480608323571e+00
9.995890850156243790e-01
1.022972563018917702e+00
1.013277384991307040e+00
1.006326959602103610e+00
9.976413452283974248e-01
1.000065396262606265e+00
1.003691497061144799e+00
1.006565630247120646e+00
1.005706800326318984e+00
1.026080431854860642e+00
1.009682821283262699e+00
1.007300189186751460e+00
9.972459787530015829e-01
1.002784557342830229e+00
1.010523131276012565e+00
1.007263344679389050e+00
1.004159572814801171e+00
1.027242920122346082e+00
1.017059727444071804e+00
1.021739079360088454e+00
1.014309490722506757e+00
1.011647666199964490e+00
1.004589711041489419e+00
1.006528850282162990e+00
1.005706800326318984e+00
1.028197989496825393e+00
1.036012121549987341e+00
1.037112114910282878e+00
1.027166434457761346e+00
1.014590994821067849e+00
1.003252328173833252e+00
1.001019118275926933e+00
9.995890850156243790e-01
1.030963126930667384e+00
1.044438378844020354e+00
1.042760560474345732e+00
1.036937564952420177e+00
1.023106514886639395e+00
1.005630994060966454e+00
9.999292334793372650e-01
9.966733011411135212e-01
1.036106926542041506e+00
1.050336909649336903e+00
1.047722049266963218e+00
1.045249356621276604e+00
1.035678194270394537e+00
1.007621860790197887e+00
9.965280441566097824e-01
1.004213883312941258e+00
1.043700706101022613e+00
1.053481227414237553e+00
1.054082101976606900e+00
1.053274837855592727e+00
1.042598618027149593e+00
1.007811090002615373e+00
9.966858007266194974e-01
1.004213503062781010e+00
1.046684123437871650e+00
1.053719976862764307e+00
1.055032285222554211e+00
1.055071991386202335e+00
1.035475376582851936e+00
1.003949013154376013e+00
9.996706747888877143e-01
9.968535078221627543e-01
1.044919311033729370e+00
1.045861017648936908e+00
1.045772075376556920e+00
1.037531475411085591e+00
1.018852959945659720e+00
1.001365269041439854e+00
1.001162184249534182e+00
9.994988797947493842e-01
1.040641390443767467e+00
1.036971675014258354e+00
1.031518642655214979e+00
1.019606662227475535e+00
1.004336771408587570e+00
1.000440102208847160e+00
1.006663028786474623e+00
1.005542597505286739e+00
1.035522682005170170e+00
1.015878049614633571e+00
1.002223606227982788e+00
1.000130349693774567e+00
1.000838725158037512e+00
1.003097126251854210e+00
1.006971295964449009e+00
1.004159572814801171e+00
1.028882777451101571e+00
1.020718092754949069e+00
1.030491963910288300e+00
1.019319772460798745e+00
1.004548909411575597e+00
1.000569063350964516e+00
1.006788756045708499e+00
1.005542597505286739e+00
1.029274502849809148e+00
1.042075538044593852e+00
1.048129357157517871e+00
1.040445533140540446e+00
1.021790605762102455e+00
1.000767927832066917e+00
1.001288783032088014e+00
9.994997310077036179e-01
1.030016836500285304e+00
1.049770498189124268e+00
1.054761819291718528e+00
1.054217943456229545e+00
1.035234752278242354e+00
1.004182376982574176e+00
9.997063653684941098e-01
9.966529809590672917e-01
1.027237187968589094e+00
1.049181683177816016e+00
1.053831241314256761e+00
1.053200524280372141e+00
1.039166604958062567e+00
1.007769676059953046e+00
9.964209089472654268e-01
1.004113089404017334e+00
